5566250450917444|09|2028|001
5566250450961574|09|2028|001
5566250450956210|09|2028|001
5566250450975244|09|2028|001
5566250450900333|09|2028|001
5566250450950270|09|2028|001
5566250450946286|09|2028|001
5566250450962648|09|2028|001
5566250450987520|09|2028|001
5566250450976630|09|2028|001
5566250450904350|09|2028|001
5566250450934688|09|2028|001
5566250450930751|09|2028|001
5566250450965203|09|2028|001
5566250450942251|09|2028|001
5566250450958174|09|2028|001
5566250450975400|09|2028|001
5566250450975244|09|2028|001
5566250450930686|09|2028|001
5566250450915075|09|2028|001
5566250450955881|09|2028|001
5566250450984634|09|2028|001
